# unix_time, cycles_done, cur_path, paths_total, pending_total, pending_favs, map_size, unique_crashes, unique_hangs, max_depth, execs_per_sec
1581797126, 0, 0, 1, 1, 1, 0.20%, 0, 0, 1, 69.57
1581797131, 0, 0, 14, 14, 1, 0.20%, 0, 0, 2, 83.07
1581797136, 0, 0, 24, 24, 1, 0.21%, 0, 0, 2, 89.51
1581797142, 0, 0, 25, 25, 1, 0.21%, 0, 0, 2, 92.20
1581797147, 0, 0, 26, 26, 1, 0.21%, 0, 0, 2, 91.84
1581797152, 0, 0, 30, 30, 1, 0.21%, 0, 0, 2, 91.98
1581797157, 0, 0, 31, 31, 1, 0.21%, 0, 0, 2, 91.38
1581797172, 0, 0, 33, 33, 1, 0.22%, 1, 0, 2, 93.30
1581797193, 0, 0, 34, 34, 1, 0.22%, 1, 0, 2, 92.38
1581797213, 0, 0, 34, 34, 1, 0.22%, 2, 0, 2, 90.55
1581797259, 0, 0, 40, 40, 1, 0.22%, 2, 0, 2, 94.23
1581797264, 0, 0, 44, 44, 1, 0.23%, 2, 0, 2, 90.40
1581797393, 0, 0, 45, 45, 1, 0.23%, 2, 0, 2, 90.43
1581797552, 0, 0, 46, 46, 1, 0.23%, 2, 0, 2, 87.66
1581797577, 0, 0, 54, 54, 1, 0.23%, 2, 0, 2, 91.70
1581797582, 0, 0, 55, 55, 1, 0.23%, 2, 0, 2, 91.91
1581797608, 0, 0, 57, 57, 1, 0.23%, 2, 0, 2, 93.00
1581797618, 0, 0, 58, 58, 1, 0.23%, 2, 0, 2, 92.23
1581797639, 0, 0, 61, 61, 1, 0.23%, 2, 0, 2, 93.31
1581797710, 0, 0, 63, 63, 1, 0.23%, 3, 0, 2, 89.79
1581797715, 0, 0, 66, 66, 1, 0.23%, 3, 0, 2, 91.28
1581797726, 0, 0, 67, 67, 1, 0.23%, 3, 0, 2, 94.64
1581797772, 0, 0, 68, 68, 1, 0.23%, 3, 0, 2, 92.61
1581797808, 0, 0, 69, 69, 1, 0.23%, 3, 0, 2, 92.26
1581797849, 0, 0, 70, 70, 1, 0.23%, 3, 0, 2, 80.56
1581797885, 0, 0, 71, 71, 1, 0.23%, 3, 0, 2, 80.92
1581797931, 0, 0, 102, 102, 1, 0.23%, 5, 0, 2, 88.48
1581797936, 0, 0, 133, 133, 1, 0.23%, 11, 0, 2, 97.52
1581797941, 0, 0, 150, 150, 1, 0.23%, 16, 0, 2, 99.52
1581797946, 0, 0, 162, 162, 1, 0.23%, 19, 0, 2, 98.25
1581797951, 0, 0, 171, 171, 1, 0.23%, 22, 0, 2, 99.01
1581797957, 0, 0, 174, 174, 1, 0.23%, 24, 0, 2, 96.12
1581797962, 0, 0, 178, 178, 1, 0.23%, 28, 0, 2, 94.47
1581797967, 0, 0, 181, 181, 1, 0.23%, 31, 0, 2, 93.22
1581797972, 0, 0, 182, 182, 1, 0.23%, 32, 0, 2, 92.93
1581797977, 0, 0, 184, 184, 1, 0.24%, 33, 0, 2, 95.61
1581797982, 0, 0, 184, 184, 1, 0.24%, 34, 0, 2, 95.16
1581797987, 0, 0, 185, 185, 1, 0.24%, 36, 0, 2, 97.45
